Prec.asc
ncols         216
nrows         693
xllcorner     -76.907600541936
yllcorner     1.9541978863965
cellsize      0.00833333333333
NODATA_value  -9999
[rows 210 to 244 of 693, columns 80 to 159 of 216]
-9999 -9999 -9999 -9999 -9999 -9999 -9999 -9999 -9999 -9999 -9999 -9999 -9999 -9999 2496 2451 2513 2752 2719 2792 2890 2898 2638 2409 2408 2414 2451 2282 2449 2498 2501 2554 2497 2359 2402 2431 2369 2355 2300 2379 2394 2217 2237 2229 2348 2421 2410 2420 2347 2301 2314 2261 2402 2356 2337 2288 2318 2650 2548 2468 2442 2521 2529 2510 2613 2549 2409 2370 2424 2489 2550 2452 2459 2585 2521 2398 2505 2486 2344 2309
-9999 -9999 -9999 -9999 -9999 -9999 -9999 -9999 -9999 -9999 -9999 -9999 -9999 2382 2485 2481 2469 2623 2635 2851 2900 2985 2542 2394 2366 2467 2421 2409 2421 2562 2483 2515 2510 2402 2505 2388 2440 2426 2270 2447 2529 2407 2213 2206 2390 2404 2322 2488 2302 2373 2256 2249 2431 2336 2278 2271 2228 2317 2530 2500 2547 2528 2475 2480 2599 2698 2534 2380 2431 2344 2550 2590 2603 2506 2543 2370 2596 2592 2394 2380
-9999 -9999 -9999 -9999 -9999 -9999 -9999 -9999 -9999 -9999 -9999 -9999 -9999 2342 2465 2401 2428 2379 2428 2508 2308 2343 2410 2405 2354 2415 2366 2284 2392 2247 2340 2405 2391 2460 2440 2406 2311 2381 2289 2441 2501 2457 2278 2285 2344 2285 2350 2379 2392 2285 2240 2299 2344 2247 2179 2210 2334 2350 2288 2323 2282 2332 2511 2591 2658 2599 2555 2511 2460 2538 2413 2562 2623 2432 2450 2375 2356 2393 2411 2535
-9999 -9999 -9999 -9999 -9999 -9999 -9999 -9999 -9999 -9999 -9999 -9999 2283 2302 2522 2456 2301 2416 2402 2337 2419 2299 2471 2461 2413 2334 2348 2291 2342 2302 2255 2354 2585 2550 2489 2507 2342 2406 2209 2186 2373 2456 2457 2431 2315 2368 2351 2398 2349 2295 2289 2241 2316 2344 2357 2200 2249 2301 2302 2332 2334 2324 2338 2270 2367 2261 2322 2394 2460 2453 2423 2538 2519 2464 2499 2329 2469 2489 2455 2519
-9999 -9999 -9999 -9999 -9999 -9999 -9999 -9999 -9999 -9999 -9999 -9999 2413 2434 2505 2434 2377 2381 2501 2443 2378 2351 2350 2437 2414 2398 2407 2465 2481 2368 2339 2249 2423 2581 2462 2497 2422 2398 2302 2189 2240 2484 2524 2505 2548 2459 2350 2362 2365 2351 2292 2221 2342 2274 2305 2198 2288 2290 2397 2311 2371 2291 2462 2580 2463 2400 2466 2337 2415 2496 2428 2427 2681 2569 2625 2432 2601 2470 2471 2412
-9999 -9999 -9999 -9999 -9999 -9999 -9999 -9999 -9999 -9999 -9999 -9999 2361 2415 2386 2473 2396 2494 2350 2317 2317 2334 2309 2349 2612 2672 2439 2384 2597 2295 2253 2225 2316 2581 2448 2322 2393 2412 2322 2219 2178 2351 2520 2381 2455 2478 2491 2413 2382 2293 2350 2299 2402 2476 2364 2287 2405 2411 2404 2382 2385 2430 2393 2465 2456 2417 2375 2457 2403 2427 2489 2436 2535 2648 2596 2570 2565 2520 2567 2529
-9999 -9999 -9999 -9999 -9999 -9999 -9999 -9999 -9999 -9999 -9999 2253 2353 2220 2248 2304 2425 2321 2383 2310 2364 2321 2464 2773 2925 2874 2765 2583 2332 2370 2405 2377 2366 2338 2207 2356 2352 2397 2426 2553 2506 2380 2371 2419 2394 2683 2553 2525 2301 2269 2275 2320 2320 2512 2411 2359 2377 2336 2518 2415 2492 2297 2728 2770 2634 2531 2542 2447 2445 2368 2488 2441 2511 2535 2500 2649 2532 2566 2519 2468
-9999 -9999 -9999 -9999 -9999 -9999 -9999 -9999 -9999 -9999 -9999 2310 2317 2266 2359 2391 2443 2481 2518 2464 2394 2465 2534 2962 3027 2829 2649 2955 2619 2483 2385 2370 2335 2416 2375 2185 2233 2571 2476 2453 2505 2455 2327 2389 2399 2489 2488 2464 2359 2293 2278 2270 2306 2318 2321 2480 2418 2417 2438 2411 2451 2462 2706 2763 2823 2622 2650 2490 2518 2600 2391 2408 2450 2418 2452 2426 2753 2470 2475 2444
-9999 -9999 -9999 -9999 -9999 -9999 -9999 -9999 -9999 -9999 2285 2315 2302 2255 2358 2384 2529 2554 2515 2409 2487 2677 2478 2903 2876 2855 2925 3028 2833 2670 2365 2386 2424 2318 2342 2482 2278 2387 2321 2433 2435 2380 2238 2414 2415 2513 2546 2512 2406 2407 2348 2293 2234 2278 2352 2404 2404 2404 2280 2492 2385 2501 2914 2929 2743 2514 2488 2473 2488 2622 2427 2362 2318 2294 2536 2480 2418 2429 2372 2528
-9999 -9999 -9999 -9999 -9999 -9999 -9999 -9999 -9999 -9999 -9999 2371 2367 2461 2332 2316 2287 2266 2289 2426 2411 2634 2507 2662 2970 3084 2935 2886 3028 2875 2827 2659 2922 2619 2412 2360 2376 2211 2171 2402 2475 2346 2303 2405 2392 2368 2414 2406 2338 2411 2435 2369 2223 2264 2247 2374 2478 2375 2305 2316 2404 2413 2413 2415 2545 2377 2507 2531 2659 2784 2618 2358 2301 2307 2249 2411 2424 2381 2359 2400
-9999 -9999 -9999 -9999 -9999 -9999 -9999 -9999 -9999 -9999 -9999 2243 2284 2442 2255 2370 2555 2432 2502 2492 2451 2445 2495 2510 2705 2794 2816 2621 2577 2454 2478 2644 2679 2526 2490 2209 2204 2320 2356 2486 2381 2307 2265 2364 2457 2424 2526 2431 2465 2466 2449 2423 2349 2357 2400 2383 2302 2374 2350 2229 2336 2336 2435 2574 2569 2559 2508 2486 2533 2669 2868 2489 2299 2209 2300 2217 2328 2484 2512 2439
-9999 -9999 -9999 -9999 -9999 -9999 -9999 -9999 -9999 -9999 -9999 2452 2357 2615 2377 2358 2460 2403 2403 2509 2453 2492 2444 2539 2509 2476 2574 2461 2416 2357 2378 2429 2367 2302 2366 2294 2313 2428 2397 2324 2345 2438 2360 2379 2390 2424 2536 2474 2501 2525 2456 2550 2515 2363 2290 2367 2380 2434 2448 2321 2353 2385 2370 2301 2393 2386 2550 2347 2449 2532 2398 2557 2262 2335 2337 2365 2327 2245 2486 2324
-9999 -9999 -9999 -9999 -9999 -9999 -9999 -9999 -9999 -9999 -9999 -9999 2458 2537 2369 2586 2465 2411 2510 2373 2446 2531 2345 2302 2262 2292 2273 2422 2327 2485 2351 2272 2381 2352 2359 2351 2333 2314 2370 2305 2405 2462 2358 2395 2538 2529 2500 2507 2444 2410 2384 2510 2525 2517 2426 2393 2525 2431 2432 2347 2367 2284 2254 2228 2183 2342 2382 2493 2338 2442 2397 2464 2145 2310 2303 2294 2302 2304 2335 2561
-9999 -9999 -9999 -9999 -9999 -9999 -9999 -9999 -9999 -9999 -9999 -9999 2328 2339 2519 2489 2368 2304 2267 2257 2308 2291 2241 2381 2405 2476 2500 2483 2568 2479 2280 2271 2259 2457 2423 2506 2383 2290 2282 2243 2468 2482 2217 2361 2531 2510 2468 2534 2434 2415 2374 2378 2477 2400 2393 2479 2503 2395 2464 2411 2244 2223 2291 2325 2258 2243 2383 2465 2336 2487 2521 2439 2203 2288 2299 2231 2311 2255 2256 2430
-9999 -9999 -9999 -9999 -9999 -9999 -9999 -9999 -9999 -9999 -9999 -9999 2229 2282 2321 2376 2414 2252 2247 2297 2262 2262 2233 2398 2476 2606 2539 2454 2428 2271 2306 2384 2377 2458 2419 2398 2295 2269 2302 2284 2386 2462 2215 2365 2474 2470 2517 2450 2346 2218 2367 2353 2267 2238 2293 2416 2426 2244 2291 2329 2338 2295 2219 2326 2309 2247 2376 2463 2322 2456 2478 2311 2176 2235 2173 2272 2274 2305 2270 2218
-9999 -9999 -9999 -9999 -9999 -9999 -9999 -9999 -9999 -9999 -9999 -9999 2305 2315 2261 2243 2279 2325 2254 2332 2327 2248 2202 2284 2425 2474 2424 2428 2540 2578 2441 2414 2469 2511 2482 2326 2390 2238 2315 2356 2390 2517 2281 2279 2255 2242 2256 2323 2316 2239 2222 2242 2266 2248 2198 2301 2309 2272 2271 2254 2377 2230 2239 2335 2309 2333 2380 2365 2484 2372 2341 2168 2214 2145 2138 2205 2239 2281 2250 2345
-9999 -9999 -9999 -9999 -9999 -9999 -9999 -9999 -9999 -9999 -9999 -9999 2447 2413 2349 2338 2300 2374 2439 2356 2369 2346 2206 2099 2090 2166 2145 2180 2408 2587 2489 2456 2463 2481 2483 2399 2384 2411 2253 2184 2265 2376 2164 2168 2296 2249 2143 2187 2232 2269 2256 2279 2197 2196 2317 2237 2373 2454 2491 2231 2217 2265 2248 2195 2191 2269 2263 2317 2213 2209 2187 2234 2191 2206 2172 2164 2270 2259 2262 2440
-9999 -9999 -9999 -9999 -9999 -9999 -9999 -9999 -9999 -9999 -9999 -9999 -9999 2578 2383 2367 2453 2499 2379 2410 2467 2524 2564 2286 2351 2189 2179 2292 2311 2413 2487 2386 2357 2349 2409 2446 2453 2448 2209 2247 2245 2206 2242 2237 2272 2127 2128 2302 2365 2298 2284 2375 2355 2187 2306 2391 2458 2540 2424 2296 2246 2238 2350 2272 2268 2198 2315 2256 2271 2423 2433 2324 2174 2273 2247 2209 2269 2244 2341 2473
-9999 -9999 -9999 -9999 -9999 -9999 -9999 -9999 -9999 -9999 -9999 -9999 -9999 2456 2319 2359 2607 2501 2452 2729 2788 2802 2936 2721 2418 2378 2310 2187 2269 2335 2357 2422 2339 2308 2265 2458 2446 2366 2286 2283 2127 2342 2269 2236 2344 2254 2238 2237 2273 2252 2450 2511 2426 2246 2186 2287 2318 2283 2302 2317 2325 2144 2313 2301 2261 2310 2336 2238 2215 2346 2249 2285 2279 2302 2265 2234 2191 2254 2240 2381
-9999 -9999 -9999 -9999 -9999 -9999 -9999 -9999 -9999 -9999 -9999 -9999 -9999 2480 2379 2285 2595 2489 2351 2370 2518 2586 3054 2913 2727 2284 2444 2250 2264 2297 2383 2299 2268 2279 2309 2314 2374 2390 2358 2296 2210 2208 2373 2226 2312 2265 2281 2297 2246 2387 2465 2382 2389 2181 2201 2178 2363 2312 2318 2253 2354 2173 2260 2285 2315 2419 2307 2197 2248 2258 2214 2260 2190 2136 2252 2242 2207 2186 2204 2286
-9999 -9999 -9999 -9999 -9999 -9999 -9999 -9999 -9999 -9999 -9999 -9999 -9999 -9999 2530 2329 2374 2531 2333 2351 2505 2712 3012 2816 2442 2332 2496 2263 2276 2390 2425 2363 2249 2272 2377 2448 2470 2446 2393 2360 2251 2221 2357 2377 2320 2240 2288 2335 2203 2324 2369 2552 2497 2271 2251 2180 2262 2385 2301 2230 2230 2168 2315 2197 2290 2298 2267 2176 2230 2298 2366 2343 2294 2129 2207 2192 2163 2243 2187 2267
-9999 -9999 -9999 -9999 -9999 -9999 -9999 -9999 -9999 -9999 -9999 -9999 -9999 -9999 2510 2487 2312 2393 2460 2435 2811 2817 3121 2334 2423 2274 2215 2175 2261 2259 2440 2337 2309 2342 2443 2440 2405 2421 2300 2243 2154 2153 2298 2261 2206 2174 2286 2371 2235 2319 2459 2327 2329 2378 2286 2297 2267 2299 2215 2171 2180 2289 2260 2358 2183 2174 2204 2239 2291 2215 2305 2259 2347 2313 2200 2190 2219 2232 2200 2260
-9999 -9999 -9999 -9999 -9999 -9999 -9999 -9999 -9999 -9999 -9999 -9999 -9999 -9999 -9999 2325 2217 2293 2452 2492 2881 3155 2671 2449 2241 2289 2074 2061 2180 2371 2274 2301 2409 2439 2491 2466 2441 2355 2273 2173 2124 2226 2341 2222 2171 2246 2413 2397 2475 2418 2388 2476 2434 2401 2308 2237 2314 2293 2288 2254 2250 2266 2213 2145 2213 2172 2147 2133 2079 2065 2178 2193 2252 2278 2214 2179 2233 2265 2309 2297
-9999 -9999 -9999 -9999 -9999 -9999 -9999 -9999 -9999 -9999 -9999 -9999 -9999 -9999 -9999 2287 2160 2199 2513 2472 2446 2627 3023 2837 2506 2421 2228 2185 2076 2173 2246 2415 2326 2281 2340 2412 2419 2361 2351 2355 2300 2335 2287 2323 2282 2296 2383 2450 2782 2235 2231 2415 2531 2453 2275 2377 2466 2540 2540 2595 2456 2389 2298 2174 2068 2070 2181 2070 2090 2130 2228 2231 2307 2362 2164 2161 2297 2233 2331 2251
-9999 -9999 -9999 -9999 -9999 -9999 -9999 -9999 -9999 -9999 -9999 -9999 -9999 -9999 -9999 -9999 2139 2073 2394 2268 2263 2434 2494 2507 2668 2904 2536 2566 2374 2326 2084 2206 2264 2429 2438 2330 2325 2327 2344 2270 2229 2381 2225 2277 2258 2300 2383 2354 2410 2532 2205 2389 2404 2459 2245 2317 2397 2465 2687 2614 2626 2551 2384 2260 2295 2411 2227 2115 2111 2096 2124 2143 2131 2331 2169 2155 2256 2249 2248 2233
-9999 -9999 -9999 -9999 -9999 -9999 -9999 -9999 -9999 -9999 -9999 -9999 -9999 -9999 -9999 -9999 2192 2172 1962 2035 2494 2425 2226 2284 2492 2711 2797 2816 2441 2418 2315 2235 2251 2301 2323 2318 2324 2312 2312 2260 2241 2362 2159 2181 2313 2431 2433 2378 2555 2300 2275 2537 2502 2527 2265 2265 2285 2346 2377 2388 2443 2306 2236 2429 2453 2383 2517 2236 2147 2077 2109 2125 2103 2122 2128 2076 2279 2265 2298 2211
-9999 -9999 -9999 -9999 -9999 -9999 -9999 -9999 -9999 -9999 -9999 -9999 -9999 -9999 -9999 -9999 -9999 2348 2115 1900 1838 1876 2315 2460 2408 2636 3005 2693 2804 2501 2389 2405 2306 2302 2258 2328 2345 2341 2318 2357 2295 2287 2170 2209 2328 2394 2371 2355 2546 2495 2292 2436 2594 2463 2398 2438 2342 2379 2259 2232 2270 2276 2428 2546 2463 2576 2452 2501 2082 2128 2183 2058 2204 2159 2118 2100 2225 2360 2336 2244
-9999 -9999 -9999 -9999 -9999 -9999 -9999 -9999 -9999 -9999 -9999 -9999 -9999 -9999 -9999 -9999 -9999 2352 2295 2060 1917 1858 2311 2777 2667 2417 2738 3101 2973 2545 2329 2386 2412 2255 2307 2269 2302 2360 2365 2343 2341 2161 2218 2276 2253 2347 2557 2437 2474 2342 2342 2526 2329 2393 2407 2434 2331 2428 2332 2373 2395 2551 2617 2445 2557 2534 2550 2519 2051 2097 2205 2147 2120 2198 2097 2072 2159 2220 2315 2258
-9999 -9999 -9999 -9999 -9999 -9999 -9999 -9999 -9999 -9999 -9999 -9999 -9999 -9999 -9999 -9999 -9999 -9999 2141 2086 1968 2102 2386 2753 2878 2898 2952 3175 3069 2536 2317 2310 2241 2133 2200 2297 2326 2402 2320 2335 2327 2313 2298 2242 2291 2457 2363 2386 2340 2434 2470 2483 2434 2372 2343 2325 2275 2298 2462 2449 2458 2440 2385 2623 2745 2711 2625 2512 2191 2088 2158 2158 2171 2193 2174 1986 2178 2297 2373 2320
-9999 -9999 -9999 -9999 -9999 -9999 -9999 -9999 -9999 -9999 -9999 -9999 -9999 -9999 -9999 -9999 -9999 -9999 2430 2210 2099 2053 2191 2284 2425 2691 2995 2868 2995 2651 2334 2176 2102 2265 2292 2306 2327 2420 2377 2348 2364 2341 2219 2170 2215 2419 2448 2457 2396 2375 2409 2593 2428 2446 2364 2448 2486 2310 2446 2497 2455 2379 2481 2580 2934 2705 2721 2385 2073 2069 2068 2232 2306 2217 2209 1895 2020 2138 2259 2297
-9999 -9999 -9999 -9999 -9999 -9999 -9999 -9999 -9999 -9999 -9999 -9999 -9999 -9999 -9999 -9999 -9999 -9999 2354 2222 2093 2193 2408 2486 2665 2745 2835 2947 3004 2370 2267 2149 2075 2206 2203 2335 2320 2416 2373 2255 2239 2200 2163 2191 2204 2386 2411 2342 2521 2373 2203 2226 2384 2465 2594 2477 2571 2434 2335 2383 2346 2424 2470 2555 2566 2338 2314 2118 2052 2104 2025 2302 2317 2259 2286 2259 2049 2135 2165 2118
-9999 -9999 -9999 -9999 -9999 -9999 -9999 -9999 -9999 -9999 -9999 -9999 -9999 -9999 -9999 -9999 -9999 -9999 -9999 1877 1853 2149 2287 2502 2479 2530 2765 2775 2647 2410 2324 2270 2214 2117 2135 2202 2204 2210 2454 2337 2230 2242 2192 2199 2220 2337 2392 2393 2587 2550 2672 2559 2558 2532 2547 2586 2598 2490 2471 2390 2444 2438 2481 2664 2500 2305 2153 2118 2055 1984 2140 2167 2236 2331 2414 2422 2210 2243 2329 2228
-9999 -9999 -9999 -9999 -9999 -9999 -9999 -9999 -9999 -9999 -9999 -9999 -9999 -9999 -9999 -9999 -9999 -9999 -9999 1708 1738 2223 2397 2429 2281 2422 2629 2780 2782 2488 2304 2344 2329 2226 2338 2215 2160 2191 2388 2353 2212 2183 2192 2112 2180 2229 2438 2564 2604 2567 2756 2681 2637 2610 2674 2470 2713 2528 2344 2412 2455 2516 2416 2779 2572 2350 2129 2081 2040 2007 2181 2225 2239 2228 2298 2285 2278 2362 2411 2384
-9999 -9999 -9999 -9999 -9999 -9999 -9999 -9999 -9999 -9999 -9999 -9999 -9999 -9999 -9999 -9999 -9999 -9999 -9999 1773 2077 2326 2390 2294 2240 2441 2673 2637 2818 2892 2396 2317 2287 2248 2233 2124 2165 2156 2332 2303 2211 2165 2233 2117 2142 2284 2495 2301 2697 2509 2653 2641 2607 2525 2510 2512 2407 2471 2450 2434 2523 2534 2485 2636 2360 2182 2206 2053 2001 2072 2098 2185 2307 2191 2202 2310 2323 2306 2339 2321
-9999 -9999 -9999 -9999 -9999 -9999 -9999 -9999 -9999 -9999 -9999 -9999 -9999 -9999 -9999 -9999 -9999 -9999 2242 1992 2210 2404 2248 2219 2287 2369 2537 2882 2907 2630 2384 2400 2283 2325 2285 2327 2214 2189 2230 2301 2290 2276 2191 2103 2242 2148 2284 2520 2395 2637 2623 2646 2608 2553 2489 2421 2334 2499 2573 2602 2445 2431 2377 2430 2310 2224 2050 2088 2049 2068 2201 2257 2321 2199 2131 2179 2251 2276 2355 2471
