Prec.asc
ncols         216
nrows         693
xllcorner     -76.907600541936
yllcorner     1.9541978863965
cellsize      0.00833333333333
NODATA_value  -9999
[rows 350 to 384 of 693, columns 80 to 159 of 216]
-9999 -9999 -9999 -9999 -9999 -9999 -9999 -9999 -9999 -9999 2136 2296 2229 2293 2273 2263 2324 2536 2009 2063 2083 2164 2062 2046 2028 2028 2029 2033 1928 2010 1920 2036 2020 2104 2182 2149 2123 2173 2258 2196 2253 2195 2103 2011 1965 1927 1883 1893 1855 1895 1912 1894 1932 1823 1840 1954 1994 1933 2109 2144 2106 2098 2134 2219 2313 2285 2329 2315 2377 2128 2147 2140 1992 2057 2149 2367 2289 2169 2359 2305
-9999 -9999 -9999 -9999 -9999 -9999 -9999 -9999 -9999 -9999 2303 2238 2244 2293 2504 2439 2426 2491 1987 2047 2041 2085 2126 1974 1970 1993 2086 1900 1874 1990 1715 1989 2108 2141 2128 2056 2138 2142 2153 2219 2230 2179 2008 1963 1908 1894 1854 1902 1978 1862 1936 1949 1930 1973 1942 1957 1949 2083 2159 2359 2416 2316 2313 2258 2354 2545 2314 2281 2343 2156 2165 2202 2089 2112 2060 2191 2294 2308 2107 2239
-9999 -9999 -9999 -9999 -9999 -9999 -9999 -9999 -9999 -9999 2298 2108 2309 2358 2310 2555 2342 2483 2014 2070 2200 2110 2294 1864 1933 2019 1984 2051 1772 1732 1699 1691 1921 1929 2143 2188 2155 2092 2140 2156 2212 2080 1954 1992 1910 1906 1954 1935 1919 1866 1923 1868 1882 1850 1907 1948 1951 1947 2087 2400 2416 2398 2293 2125 2133 2112 2165 2147 2368 2146 2195 2231 2155 2157 2149 2062 2191 2156 2394 1995
-9999 -9999 -9999 -9999 -9999 -9999 -9999 -9999 -9999 2293 2266 2190 2221 2265 2424 1996 1925 1870 1999 2131 2083 1897 2046 1935 1950 2130 1938 1821 1857 1801 1787 1720 1822 1885 1995 1952 1944 1913 1940 2045 2169 2133 2038 1827 1863 1882 1847 1798 1892 1937 1953 1904 1885 1900 1882 1929 1996 1890 1977 2155 2115 2126 2186 2072 2094 2145 2240 2196 2203 2209 2139 2166 2304 2148 2140 2126 2357 2283 2283 2187
-9999 -9999 -9999 -9999 -9999 -9999 -9999 -9999 -9999 2429 2367 2330 2176 2221 2327 2064 2054 1896 2096 2104 2041 1941 2004 2084 1990 1913 1959 1873 1752 1731 1875 1809 2003 1973 1777 1816 1733 1880 1958 1900 2046 2017 1983 1900 1872 1944 1968 1995 2016 1841 1905 1872 1916 1883 1842 1908 1908 1957 1961 2057 1963 2027 2069 1968 2037 2147 2230 2170 2200 2153 2089 2070 2198 2137 2123 2122 2426 2181 2087 2089
-9999 -9999 -9999 -9999 -9999 -9999 -9999 -9999 -9999 2399 2313 2094 2178 2079 2029 2153 2028 1957 2198 2041 2063 2144 2150 2096 1888 1842 1844 1895 1940 1922 1944 1925 1969 1787 1898 1650 1701 1793 1768 1718 1762 1782 1763 1871 1951 1917 1985 1987 2001 1931 1866 1910 1902 1904 1905 1913 1969 1929 1915 1929 2033 2035 2100 2048 2190 2109 2228 2244 2176 2181 2139 2143 2151 2126 2127 2064 2064 2284 2174 2279
-9999 -9999 -9999 -9999 -9999 -9999 -9999 -9999 -9999 2294 2283 2164 2279 2157 2081 2071 2062 2069 2195 2073 1922 2108 2108 2088 1993 1770 1760 1915 1980 1953 1896 2054 1925 1846 1577 1646 1653 1756 1789 1796 1682 1720 1798 1894 1884 1947 1932 1915 1858 1901 1925 1912 1921 1905 1929 1947 1976 1928 2002 1952 1980 2038 2058 2086 2117 2216 2253 2166 2131 2175 2118 2091 2065 2049 2108 2065 2055 2271 2399 2121
-9999 -9999 -9999 -9999 -9999 -9999 -9999 -9999 -9999 2060 2024 2014 2182 2146 2004 2008 2129 2117 2178 2016 2094 1868 1804 1775 1878 1772 1795 1798 1904 1888 1911 1893 1826 1830 1568 1639 1686 1694 1877 1771 1840 1713 1726 1914 1948 1915 1811 1836 1919 1899 1809 1954 1950 1967 1961 1989 2001 1925 1910 1984 2051 2062 2063 2072 2079 2149 2106 2117 2101 2115 2159 2100 2049 2123 2187 2090 2034 2198 2173 2179
-9999 -9999 -9999 -9999 -9999 -9999 -9999 -9999 -9999 1970 1973 2059 2232 2037 2156 2041 2074 2085 1897 2070 1990 1760 1782 1749 1662 1787 1793 1761 1748 1726 1882 1966 1976 1856 1762 1629 1650 1726 2455 2784 2211 1779 1722 1717 1802 1857 1840 1899 1988 1864 1916 1969 1907 1948 1961 1902 1999 1984 1941 2009 2017 2115 2083 2147 2137 2161 2118 2128 2074 2139 2234 2046 2062 2190 2298 2225 2193 2133 2067 2104
-9999 -9999 -9999 -9999 -9999 -9999 -9999 -9999 -9999 1926 1925 2026 1947 1998 2130 2069 1968 2023 1913 1942 1882 1822 1795 1736 1661 1810 1783 1834 1767 1657 1808 1995 1899 1775 1830 1775 1744 1718 1797 2411 2292 1721 1808 1801 1852 1803 1858 1882 1988 1834 1902 1930 1896 1916 1893 1904 1939 1920 1931 1999 2015 2108 2098 2118 2063 2044 2049 2047 2192 2169 2275 2234 2254 2204 2066 2009 2162 2134 2170 1933
-9999 -9999 -9999 -9999 -9999 -9999 -9999 -9999 1870 1934 2106 2063 1916 2090 1887 2045 1909 1993 2036 1921 1797 1809 1848 1806 1698 1779 1944 1909 1866 1892 1806 1959 1883 1799 1914 1970 1937 1841 1726 1600 1632 1747 1821 1915 1819 1930 2035 1901 1930 2014 1977 1983 1886 1938 1932 1925 1979 1901 1892 1997 2026 2138 2105 2087 2067 2022 2135 2068 2077 2241 2226 2236 2110 2105 2072 2076 2066 2012 2111 2124
-9999 -9999 -9999 -9999 -9999 -9999 -9999 -9999 1904 2074 2012 1939 2122 2069 2162 2028 1984 2084 2070 2042 2067 2047 1952 1917 1672 1797 1826 1765 1688 1758 1798 1741 1739 1759 1850 1968 1970 1980 1884 1655 1723 1721 1808 1849 1928 1944 2023 2039 2036 1947 1931 1944 1947 1897 1924 1883 1932 1885 1920 2047 2122 2087 2120 2099 2057 2096 2088 2139 2073 2082 2192 2272 2148 2214 2254 2213 2062 2106 2131 2076
-9999 -9999 -9999 -9999 -9999 -9999 -9999 -9999 1937 2149 1954 1940 1988 1942 2010 2050 1943 2003 2038 2098 2283 2254 2041 1807 1685 1875 1861 1772 1640 1804 1794 1744 1679 1714 1921 1975 2099 2023 1970 1733 1799 1802 1861 1881 1989 1932 1969 2073 2088 2068 1914 1936 1836 1869 1887 1897 1929 1843 1907 1973 2039 2144 2141 2071 2050 2127 2133 2125 2102 2075 2112 2215 2140 2199 2160 2322 2170 2143 2050 2086
-9999 -9999 -9999 -9999 -9999 -9999 -9999 -9999 1940 2045 1901 1919 1985 2044 2025 2180 1913 2223 2210 2321 2460 2234 1814 1640 1671 1940 1878 1652 1525 1729 1785 1649 1650 1714 1827 1981 1990 2020 1923 1865 1875 1876 1864 1967 1855 1850 1914 2090 2047 2013 1927 1889 1873 1919 1923 1905 1925 1885 1992 2009 2008 2040 2036 2071 2076 2008 2052 2100 2096 2156 2111 2107 2165 2147 2208 2213 2158 2046 2136 2172
-9999 -9999 -9999 -9999 -9999 -9999 -9999 -9999 2006 1927 1959 1996 1936 2273 2228 2041 2321 2206 2196 2422 2387 2071 1587 1929 1953 1706 1735 1717 1583 1749 1752 1726 1641 1710 1820 1953 1695 1631 1697 1787 1899 1904 1971 1922 1880 1825 1943 2020 1965 1978 1978 1928 1901 1937 1877 1951 1915 1934 1961 1980 2019 2115 2109 2061 2050 2093 2199 2429 2445 2223 2280 2065 2229 2032 2358 2275 2195 2083 2219 2181
-9999 -9999 -9999 -9999 -9999 -9999 -9999 -9999 1835 1870 1997 2095 1938 2131 1988 2316 2272 2213 2258 2283 2047 1792 1616 1715 1692 1535 1557 1563 1552 1647 1653 1532 1657 1729 1808 1761 1760 1724 1654 1688 1843 1875 1994 1998 1748 1837 2002 1962 2017 2020 2000 1941 1943 1917 1913 1985 2006 1945 1945 1951 2041 2051 2110 2044 2075 2054 2117 2172 2095 2353 2076 2205 2132 2339 2301 2267 2278 2051 2277 2093
-9999 -9999 -9999 -9999 -9999 -9999 -9999 -9999 1871 1917 1930 1987 2227 2008 1957 2214 2420 2237 2248 2177 1860 1653 1668 1595 1603 1674 1656 1499 1525 1449 1524 1619 1809 1813 1891 1778 1673 1644 1716 1854 1815 1788 1834 1886 1795 1880 1857 1939 1980 2048 2194 2103 1841 1908 1922 1875 1869 2009 1932 1880 2043 2059 2035 2139 2063 2099 2038 2174 2223 2301 2310 2433 2231 2252 2308 2249 2167 2163 2307 2165
-9999 -9999 -9999 -9999 -9999 -9999 -9999 1786 1770 1711 1895 2049 2314 1964 2162 2399 2388 2146 2152 1971 1769 1554 1513 1596 1586 1706 1647 1528 1533 1538 1521 1663 1701 1828 1786 1760 1648 1614 1619 1775 1682 1874 2060 1936 1906 1784 1855 1878 1945 2015 2081 2143 1907 1835 1917 1926 1972 1935 1974 1951 2018 2014 2059 2136 2173 2268 2336 2390 2447 2312 2165 2214 2127 2079 2316 2244 2335 2159 2289 2156
-9999 -9999 -9999 -9999 -9999 -9999 -9999 1734 1696 1825 1906 2058 2137 2103 2393 2112 2191 2261 2216 1920 1672 1595 1641 1603 1609 1676 1691 1639 1642 1631 1660 1627 1792 1895 1819 1623 1597 1626 1625 1774 1773 1932 1928 1907 1804 1813 1840 1845 1934 1934 1987 2039 1903 1939 1920 2013 1923 1952 1993 2012 2017 2024 2117 2268 2181 2199 2457 2329 2305 2169 2155 2095 2152 2215 2242 2171 2287 2221 2278 2182
-9999 -9999 -9999 -9999 -9999 -9999 -9999 1776 1818 2010 2111 2189 2123 2111 2149 2106 2237 2291 2152 1778 1659 1542 1622 1553 1550 1652 1454 1673 1635 1687 1571 1628 1715 1770 1555 1534 1664 1667 1478 1646 1802 1946 2008 1983 1801 1845 1902 1886 1899 1875 2014 2013 1887 1817 1906 1989 1938 1958 1997 1966 2031 2015 2190 2161 2222 2332 2255 2234 2235 2247 2182 2212 1995 2024 2167 2215 2208 2262 2264 2092
-9999 -9999 -9999 -9999 -9999 -9999 -9999 1847 1781 1809 2014 2065 2069 1954 2112 2161 2288 2203 1887 1701 1659 1643 1544 1568 1799 1842 1546 1697 1605 1640 1527 1613 1677 1713 1499 1732 1783 1731 1768 1744 1706 2064 1966 1947 1924 1803 1885 1825 1880 1968 2069 1967 1914 1866 1993 1925 1977 1939 1902 1948 1989 2032 2106 2119 2255 2230 2342 2246 2280 2254 2151 2331 2075 2076 2035 2103 2111 2201 2193 2047
-9999 -9999 -9999 -9999 -9999 -9999 1735 1939 1803 1878 1956 1899 2058 1951 2047 2155 2111 1910 1756 1801 1611 1701 1604 1597 1664 1626 1672 1760 1858 1803 1782 1642 1680 1645 1636 1805 1751 1710 1729 1646 1775 2028 2005 1885 1769 1803 1926 1847 1920 2028 2006 1904 1870 1838 1996 1867 1905 1934 1977 2021 1947 2025 2042 2036 2240 2049 2216 2119 2045 2037 2196 2105 2131 2181 2253 2265 2220 2128 2142 2125
-9999 -9999 -9999 -9999 -9999 -9999 1991 1856 1740 1867 1984 2065 2121 1912 1942 2037 1844 1863 1640 1604 1640 1597 1632 1619 1257 1488 1780 1631 1899 1924 1739 1697 1688 1648 1651 1691 1609 1728 1742 1674 1864 1946 1966 1894 1868 1866 1869 1736 1877 1932 1932 1828 1763 1913 1908 1940 1992 1932 1928 1993 2035 2070 2047 2111 2065 2231 2192 2249 2186 2201 2120 2060 2147 2216 2291 2212 2222 2083 2247 2098
-9999 -9999 -9999 -9999 -9999 -9999 1960 1919 2063 1950 1903 1915 1853 1924 1824 1967 1757 1674 1575 1599 1513 1625 1651 1621 1465 1432 1729 1706 1658 1876 1649 1671 1637 1666 1572 1490 1579 1644 1621 1849 1998 1900 1953 1853 1804 1815 1885 1747 1902 1878 1891 1936 1943 1917 1946 1925 1989 2061 2036 2023 2025 2102 2011 2070 2138 2244 2223 2183 2303 2282 2255 2243 2149 2293 2202 2283 2288 2160 2093 2101
-9999 -9999 -9999 -9999 -9999 -9999 2060 1975 1968 2054 2197 2205 2158 1959 1683 1629 1706 1697 1593 1480 1556 1361 1546 1567 1549 1484 1672 1733 1773 1755 1669 1586 1655 1611 1502 1563 1600 1640 1654 1929 1952 1946 1920 1820 1813 1801 1856 1934 1860 1886 1929 1884 1881 1889 1963 1827 1893 1933 1920 2068 2033 1944 2083 2112 2138 2111 2020 2105 2266 2276 2150 2211 2215 2236 2113 2209 2175 2167 2245 2225
-9999 -9999 -9999 -9999 -9999 -9999 2102 1944 2071 2111 2128 2148 2118 2185 1785 1802 1745 1718 1586 1577 1652 1511 1569 1511 1541 1533 1626 1674 1801 1802 1633 1659 1571 1600 1580 1602 1574 1661 1725 1928 1977 1921 1994 1858 1942 1801 1883 1975 1908 1958 2023 1893 1855 1933 1860 1835 1890 1895 1941 1938 2042 1979 2138 2172 2126 2128 2067 2142 2195 2202 2296 2180 2009 2099 2136 2125 2088 1986 2229 2192
-9999 -9999 -9999 -9999 -9999 -9999 1967 1912 1945 2019 2148 2194 2184 2237 2069 1654 1733 1673 1719 1606 1507 1549 1695 1559 1507 1572 1540 1739 1749 1896 1867 1940 1750 1667 1695 1622 1581 1815 1931 1959 1928 1988 1953 1839 1783 1814 1937 1941 1946 1929 1928 1958 1893 1908 1864 1859 1876 1941 1899 1903 2029 1987 1954 2009 2031 2100 2068 2126 2180 2214 2222 2161 2051 2132 2146 1994 1943 2037 2170 2170
-9999 -9999 -9999 -9999 -9999 -9999 1988 2198 2105 2267 2068 2054 2104 2178 2000 1730 1769 1769 1569 1590 1547 1557 1466 1466 1479 1597 1668 1510 1636 1659 1748 1487 1639 1670 1610 1661 1669 1678 1902 1966 1946 1924 2018 1898 1696 1861 1855 1863 1893 1881 1928 1897 1844 1887 1868 1837 1919 1981 1978 2004 1981 1906 1914 1950 1913 1980 1973 2120 2175 2218 2223 2183 2202 2256 2167 2086 2070 2148 2227 2107
-9999 -9999 -9999 -9999 -9999 -9999 2261 2048 2012 2018 2068 2284 2180 2039 1963 1909 1808 1769 1615 1658 1526 1642 1525 1558 1373 1625 1466 1535 1515 1395 1505 1549 1572 1582 1628 1657 1668 1653 1824 1867 1812 1896 1996 1839 1690 1906 1814 1965 1919 1838 1938 1839 1903 1939 1910 1904 1922 2012 1959 1993 2007 2125 1954 1987 1983 1988 2104 2190 2225 2194 2244 2270 2244 2154 2363 2314 2220 2097 2123 2139
-9999 -9999 -9999 -9999 -9999 -9999 2064 2041 2077 2193 2104 2068 2068 2169 2131 2064 2045 1644 1771 1661 1593 1623 1388 1534 1484 1605 1505 1463 1580 1572 1584 1542 1621 1651 1609 1565 1643 1655 1727 1752 1830 1999 1989 1769 1764 1788 1758 1841 1926 1830 1852 1841 1749 1804 1899 1908 1865 2041 2055 1955 2034 1999 1939 1927 1929 1914 2052 2160 2227 2276 2245 2213 2302 2274 2331 2153 2097 2125 2091 1922
-9999 -9999 -9999 -9999 -9999 2111 2173 2313 2131 2311 2218 2132 2257 2201 2169 2231 1985 1839 1566 1620 1624 1497 1516 1582 1499 1486 1515 1519 1506 1671 1588 1588 1662 1618 1647 1704 1709 1727 1739 1834 1890 2001 1929 1747 1857 1812 1702 1822 1746 1810 1792 1834 1862 1921 1838 1895 1891 2024 1975 2001 1986 1956 1921 1895 1950 1963 1867 2034 2152 2288 2176 2164 2230 2223 2093 2035 2035 2056 2110 1900
-9999 -9999 -9999 -9999 -9999 2358 2151 2164 2131 2321 2263 2205 2228 2231 2244 2114 2012 1823 1541 1530 1630 1580 1478 1518 1511 1533 1575 1649 1520 1497 1623 1576 1650 1630 1577 1707 1652 1685 1833 1839 1940 1915 1892 1722 1763 1832 1774 1795 1844 1870 1860 1873 1927 1876 1889 1837 1913 2029 2069 2010 2012 1967 1889 1917 1880 1920 1938 1910 2252 2141 2160 2133 2125 2006 2033 2083 2103 2060 2063 1814
-9999 -9999 -9999 -9999 -9999 2031 2255 2244 2102 2190 2112 2137 2167 2161 2076 1982 1811 1767 1521 1392 1435 1596 1551 1547 1604 1646 1477 1572 1629 1608 1520 1554 1620 1630 1617 1703 1698 1752 1822 1844 1887 1905 1865 1694 1727 1832 1790 1807 1818 1795 1928 1902 1903 1883 1876 1847 1941 1971 1959 1880 1948 1953 2048 1905 1945 1901 2077 2236 2208 2212 2239 2205 2159 2204 2043 1920 1957 1976 1941 1791
-9999 -9999 2053 2163 -9999 2071 1986 1949 1923 1945 2088 2241 2126 2077 1947 1834 1888 1994 1393 1430 1472 1646 1520 1497 1539 1483 1498 1604 1555 1532 1516 1710 1720 1613 1655 1663 1688 1694 1724 1851 1899 1871 1943 1620 1877 1891 1795 1767 1862 1794 1864 1850 1826 1898 1883 1925 1970 1926 1935 1933 1968 1964 1992 2008 2021 2140 2197 2314 2191 2278 2254 2156 2219 2156 2027 1926 1820 1817 1730 1691
-9999 -9999 1911 1826 1972 1889 1734 1790 1815 1873 1897 1953 1919 1846 1880 2177 2501 2206 2005 1326 1349 1479 1535 1538 1356 1510 1516 1519 1516 1615 1696 1656 1646 1589 1618 1694 1669 1593 1762 1869 1855 1882 1832 1623 1740 1772 1810 1837 1876 1863 1916 1883 1783 1832 1888 1929 1967 2032 1983 1988 2006 2005 1865 2060 2033 2292 2239 2397 2305 2280 2236 2331 2327 2291 2132 2081 1980 1924 1846 1723
