Prec.asc
ncols         216
nrows         693
xllcorner     -76.907600541936
yllcorner     1.9541978863965
cellsize      0.00833333333333
NODATA_value  -9999
[rows 140 to 174 of 693, columns 80 to 159 of 216]
-9999 -9999 -9999 -9999 -9999 -9999 -9999 -9999 -9999 -9999 -9999 2388 2325 2261 2357 2556 2643 2509 2528 2436 2414 2367 2499 2503 2637 2431 2502 2618 2779 2571 2524 2354 2401 2436 2367 2389 2320 2249 2398 2352 2480 2425 2414 2297 1935 2172 2188 2523 2671 2945 3092 2534 2472 2392 2270 2283 2516 2466 2476 2441 2525 2661 2545 2456 2523 2481 2556 2585 2503 -9999 -9999 -9999 -9999 -9999 -9999 -9999 -9999 -9999 -9999 -9999
-9999 -9999 -9999 -9999 -9999 -9999 -9999 -9999 -9999 -9999 -9999 -9999 2533 2422 2470 2557 2561 2589 2606 2503 2502 2360 2394 2445 2610 2247 2239 2348 2635 2814 2507 2321 2379 2379 2559 2338 2393 2224 2365 2392 2364 2356 2477 2415 2326 2222 2387 2322 2701 2980 3110 2510 2558 2557 2424 2329 2322 2467 2477 2407 2413 2624 2496 2489 2485 2641 2462 2362 2364 2220 -9999 -9999 -9999 -9999 -9999 -9999 -9999 -9999 -9999 -9999
-9999 -9999 -9999 -9999 -9999 -9999 -9999 -9999 -9999 -9999 -9999 -9999 2632 2518 2574 2635 2677 2610 2527 2465 2455 2258 2287 2332 2524 2352 2131 2189 2538 2629 2772 2518 2454 2469 2352 2375 2417 2450 2405 2364 2415 2388 2465 2418 2453 2284 2369 2459 2465 2712 2857 2432 2279 2217 2403 2464 2292 2504 2411 2472 2383 2637 2564 2592 2423 2641 2576 2518 2434 2512 -9999 -9999 -9999 -9999 -9999 -9999 -9999 -9999 -9999 -9999
-9999 -9999 -9999 -9999 -9999 -9999 -9999 -9999 -9999 -9999 -9999 -9999 -9999 2346 2368 2405 2355 2536 2644 2627 2615 2439 2444 2388 2352 2323 2284 2387 2473 2543 2588 2575 2679 2536 2703 2375 2491 2545 2675 2754 2714 2553 2730 2497 2502 2439 2371 2485 2514 2294 2003 2286 2215 2130 2361 2511 2215 2272 2446 2478 2351 2405 2543 2407 2292 2584 2549 2685 2541 2346 -9999 -9999 -9999 -9999 -9999 -9999 -9999 -9999 -9999 -9999
-9999 -9999 -9999 -9999 -9999 -9999 -9999 -9999 -9999 -9999 -9999 -9999 -9999 -9999 2341 2393 2287 2383 2354 2551 2638 2651 2635 2509 2449 2475 2567 2672 2728 2708 2638 2711 2566 2719 2621 2333 2469 2382 2605 2673 2862 2878 2916 2554 2430 2383 2362 2363 2214 1364 1735 2160 2068 2007 2294 2503 2128 2354 2616 2605 2477 2417 2513 2402 2589 2425 2520 2656 2634 2439 2502 -9999 -9999 -9999 -9999 -9999 -9999 -9999 -9999 -9999
-9999 -9999 -9999 -9999 -9999 -9999 -9999 -9999 -9999 -9999 -9999 -9999 -9999 -9999 -9999 2299 2270 2272 2325 2560 2555 2613 2611 2633 2545 2555 2355 2337 2449 2475 2475 2506 2699 2726 2373 2582 2374 2409 2453 2608 2424 2717 2821 2515 2504 2415 2289 2359 2274 2273 2075 2125 2097 2032 2150 2186 2116 2138 2341 2274 2546 2349 2666 2455 2623 2468 2339 2455 2659 2569 2399 2402 -9999 -9999 -9999 -9999 -9999 -9999 -9999 -9999
-9999 -9999 -9999 -9999 -9999 -9999 -9999 -9999 -9999 -9999 -9999 -9999 -9999 -9999 -9999 -9999 2332 2181 2252 2433 2537 2498 2400 2336 2188 2380 2505 2550 2539 2449 2481 2547 2576 2688 2714 2458 2375 2063 2367 2481 2377 2550 2649 2593 2538 2345 2337 2445 2480 2653 2161 2164 2036 2191 2188 2174 2222 2135 2305 2221 2433 2367 2750 2430 2434 2441 2505 2502 2360 2363 2450 2501 -9999 -9999 -9999 -9999 -9999 -9999 -9999 -9999
-9999 -9999 -9999 -9999 -9999 -9999 -9999 -9999 -9999 -9999 -9999 -9999 -9999 -9999 -9999 -9999 2398 2239 2331 2329 2524 2385 2305 2284 2164 2377 2557 2734 2544 2529 2536 2502 2491 2555 2625 2807 2763 2559 2408 2371 2406 2641 2552 2429 2492 2492 2499 2520 2538 2625 2416 2242 2148 2175 2235 2315 2179 2029 2369 2397 2478 2328 2769 2436 2470 2367 2553 2443 2278 2252 2537 2458 2453 -9999 -9999 -9999 -9999 -9999 -9999 -9999
-9999 -9999 -9999 -9999 -9999 -9999 -9999 -9999 -9999 -9999 -9999 -9999 -9999 -9999 -9999 -9999 2507 2313 2246 2303 2378 2458 2430 2304 2192 2327 2667 2644 2544 2395 2477 2484 2572 2481 2505 2632 2762 2845 2572 2657 2539 2595 2816 2643 2589 2610 2434 2480 2529 2554 2537 2008 2232 2211 2350 2348 2239 1968 2180 2402 2621 2368 2535 2455 2424 2456 2593 2599 2476 2500 2632 2426 2523 -9999 -9999 -9999 -9999 -9999 -9999 -9999
-9999 -9999 -9999 -9999 -9999 -9999 -9999 -9999 -9999 -9999 -9999 -9999 -9999 -9999 -9999 -9999 -9999 2309 2586 2293 2221 2244 2311 2665 2403 2502 2687 2550 2651 2709 2677 2656 2560 2540 2577 2503 2559 2711 2734 2534 2507 2729 2899 2957 2725 2480 2332 2449 2393 2267 2157 2391 2467 2439 2386 2484 2495 2219 2315 2390 2583 2294 2433 2651 2353 2485 2549 2525 2850 2815 2659 2513 2363 -9999 -9999 -9999 -9999 -9999 -9999 -9999
-9999 -9999 -9999 -9999 -9999 -9999 -9999 -9999 -9999 -9999 -9999 -9999 -9999 -9999 -9999 -9999 -9999 -9999 2038 2388 2321 2295 2426 2471 2495 2651 2676 2614 2738 2534 2700 2786 2714 2525 2558 2428 2548 2310 2623 2522 2615 2878 3162 2784 2758 2451 2449 2408 2219 2074 2011 2252 2384 2367 2602 2516 2424 2492 2506 2607 2523 2585 2475 2456 2734 2678 2643 2531 2519 2652 2581 2534 2542 -9999 -9999 -9999 -9999 -9999 -9999 -9999
-9999 -9999 -9999 -9999 -9999 -9999 -9999 -9999 -9999 -9999 -9999 -9999 -9999 -9999 -9999 -9999 -9999 -9999 1763 1912 2239 2525 2398 2331 2371 2395 2574 2744 2759 2613 2503 2860 2633 2640 2681 2595 2548 2796 2548 2576 2755 2986 2906 2714 2611 2287 2400 2135 2137 2149 1945 2307 2364 2262 2252 2256 2279 2597 2592 2532 2482 2505 2436 2590 2535 2677 2615 2495 2481 2475 2391 2368 2542 -9999 -9999 -9999 -9999 -9999 -9999 -9999
-9999 -9999 -9999 -9999 -9999 -9999 -9999 -9999 -9999 -9999 -9999 -9999 -9999 -9999 -9999 -9999 -9999 -9999 -9999 1953 2118 2037 2134 2615 2440 2374 2455 2427 2377 2356 2341 2656 2887 2738 2933 2740 2785 2787 2871 2920 2960 2966 2794 2779 2429 2332 2136 1838 1894 2051 1935 1811 2131 2217 2243 2335 2322 2395 2492 2401 2486 2578 2348 2413 2585 2501 2395 2487 2401 2446 2312 2433 2381 -9999 -9999 -9999 -9999 -9999 -9999 -9999
-9999 -9999 -9999 -9999 -9999 -9999 -9999 -9999 -9999 -9999 -9999 -9999 -9999 -9999 -9999 -9999 -9999 -9999 -9999 1922 2014 1995 2143 2354 2474 2469 2420 2551 2374 2411 2390 2588 2493 2806 2819 2836 2718 2653 2721 2954 2813 2838 2740 2756 2391 2265 1943 1903 1992 2075 1997 1942 2110 2282 2349 2314 2251 2004 2362 2394 2495 2476 2484 2426 2453 2655 2605 2452 2300 2316 2413 2371 2452 -9999 -9999 -9999 -9999 -9999 -9999 -9999
-9999 -9999 -9999 -9999 -9999 -9999 -9999 -9999 -9999 -9999 -9999 -9999 -9999 -9999 2016 1895 1842 1718 1804 1919 1968 2010 2039 2205 2508 2563 2447 2455 2362 2327 2359 2392 2430 2608 2707 2705 2729 2584 2510 3012 2894 2968 2735 2781 2396 2248 2022 1953 2009 2132 2079 2088 2263 2192 2156 2161 1933 2025 2318 2288 2332 2524 2564 2565 2581 2708 2702 2549 2342 2390 2271 2262 2272 -9999 -9999 -9999 -9999 -9999 -9999 -9999
-9999 -9999 -9999 -9999 -9999 -9999 -9999 -9999 -9999 -9999 -9999 -9999 -9999 -9999 2228 2100 1997 1922 1880 1990 2089 2048 1965 2122 2311 2588 2759 2276 2363 2368 2340 2360 2270 2414 2667 2627 2608 2523 2539 3061 2846 2987 2789 2627 2389 2336 2130 1923 1923 2184 2037 1985 2158 2142 2066 2070 1973 1997 2326 2350 2440 2556 2460 2553 2546 2439 2452 2454 2392 2283 2338 2430 2309 -9999 -9999 -9999 -9999 -9999 -9999 -9999
-9999 -9999 -9999 -9999 -9999 -9999 -9999 -9999 -9999 -9999 -9999 -9999 -9999 -9999 2111 2032 2030 1974 2078 2143 2270 2157 2102 2320 2572 2786 2707 2259 2517 2468 2228 2176 2375 2372 2353 2314 2531 2494 2739 2785 2977 2995 2698 2609 2329 2284 2091 1853 1860 2014 1899 1908 2012 2078 1953 2052 2119 2254 2485 2651 2628 2462 2349 2470 2411 2482 2291 2456 2518 2252 2578 2405 2431 -9999 -9999 -9999 -9999 -9999 -9999 -9999
-9999 -9999 -9999 -9999 -9999 -9999 -9999 -9999 -9999 -9999 -9999 -9999 -9999 2433 2140 2043 2054 2063 2319 2509 2448 2437 2339 2519 2465 2522 2532 2418 2376 2444 2277 2181 2415 2174 2335 2343 2407 2393 2440 2555 2446 2526 2453 2534 2218 2323 1995 2108 2148 2182 2126 1892 2073 2050 2047 2054 2153 2191 2369 2341 2426 2331 2375 2476 2389 2418 2417 2525 2530 2461 2376 2290 2406 -9999 -9999 -9999 -9999 -9999 -9999 -9999
-9999 -9999 -9999 -9999 -9999 -9999 -9999 -9999 -9999 -9999 -9999 -9999 -9999 -9999 2156 2407 2362 2586 2593 2658 2571 2426 2431 2567 2525 2589 2482 2369 2296 2230 2220 2115 2402 2328 2098 2300 2350 2400 2527 2478 2392 2270 2235 2103 2026 2302 1905 2032 2127 1993 2156 1959 2021 2094 2019 2050 2157 2091 2279 2533 2456 2381 2498 2430 2418 2397 2525 2533 2656 2283 2382 2320 -9999 -9999 -9999 -9999 -9999 -9999 -9999 -9999
-9999 -9999 -9999 -9999 -9999 -9999 -9999 -9999 -9999 -9999 -9999 -9999 -9999 -9999 2475 2353 2259 2357 2423 2448 2333 2333 2487 2566 2415 2532 2286 2383 2319 2383 2311 2183 2221 2259 2177 2304 2336 2321 2254 2225 2268 2408 2324 2255 2275 2144 1917 1863 2072 2111 2280 2080 2021 2076 2113 2107 2235 2225 2394 2425 2302 2344 2401 2305 2432 2385 2557 2490 2330 2252 2351 2295 -9999 -9999 -9999 -9999 -9999 -9999 -9999 -9999
-9999 -9999 -9999 -9999 -9999 -9999 -9999 -9999 -9999 -9999 -9999 -9999 -9999 -9999 2636 2437 2352 2361 2280 2265 2311 2300 2276 2237 2235 2231 2448 2302 2343 2299 2252 2422 2280 2275 2221 2341 2241 2183 2158 2146 2425 2210 2246 2251 2205 2155 1942 1795 2043 2125 2303 2089 2217 2200 2149 2158 2218 2314 2335 2361 2202 2272 2352 2454 2455 2430 2470 2369 2264 2248 2392 2263 -9999 -9999 -9999 -9999 -9999 -9999 -9999 -9999
-9999 -9999 -9999 -9999 -9999 -9999 -9999 -9999 -9999 -9999 -9999 -9999 -9999 -9999 -9999 2349 2253 2324 2283 2154 2249 2372 2241 2192 2302 2393 2425 2454 2316 2284 2312 2278 2356 2357 2305 2325 2299 2230 2261 2277 2368 2374 2421 2551 2135 2200 1914 2081 2140 2155 2278 2141 2271 2164 2089 2069 2288 2404 2498 2480 2269 2346 2398 2460 2432 2450 2284 2386 2203 2335 2250 -9999 -9999 -9999 -9999 -9999 -9999 -9999 -9999 -9999
-9999 -9999 -9999 -9999 -9999 -9999 -9999 -9999 -9999 -9999 -9999 -9999 -9999 -9999 -9999 2298 2262 2288 2352 2276 2373 2264 2267 2268 2282 2376 2123 2315 2517 2600 2544 2505 2531 2445 2472 2399 2468 2516 2606 2480 2518 2311 2442 2398 2116 2122 2162 2198 1952 2031 2192 2069 2423 2331 2205 2214 2352 2497 2342 2367 2423 2441 2466 2378 2456 2390 2701 2275 2158 2236 2315 -9999 -9999 -9999 -9999 -9999 -9999 -9999 -9999 -9999
-9999 -9999 -9999 -9999 -9999 -9999 -9999 -9999 -9999 -9999 -9999 -9999 -9999 -9999 -9999 -9999 2303 2292 2298 2311 2404 2387 2210 2186 2194 2391 2517 2410 2573 2678 2673 2651 2640 2676 2624 2619 2677 2631 2793 2879 2796 2685 2754 2611 2432 2034 2069 2315 2204 2189 2387 2386 2385 2429 2326 2224 2227 2507 2377 2412 2478 2463 2370 2360 2380 2605 2367 2239 2182 2086 2198 -9999 -9999 -9999 -9999 -9999 -9999 -9999 -9999 -9999
-9999 -9999 -9999 -9999 -9999 -9999 -9999 -9999 -9999 -9999 -9999 -9999 -9999 -9999 -9999 -9999 -9999 2324 2221 2229 2416 2307 2436 2310 2184 2277 2487 2491 2623 2662 2619 2663 2744 2614 2606 2515 2499 2665 2783 2857 2939 2612 2492 2556 2253 2108 1778 1936 2114 2109 2270 2276 2450 2396 2298 2224 2142 2196 2421 2388 2404 2439 2425 2561 2505 2762 2357 2465 2310 2314 -9999 -9999 -9999 -9999 -9999 -9999 -9999 -9999 -9999 -9999
-9999 -9999 -9999 -9999 -9999 -9999 -9999 -9999 -9999 -9999 -9999 -9999 -9999 -9999 -9999 -9999 -9999 -9999 2277 2199 2299 2277 2257 2241 2292 2312 2389 2426 2502 2511 2491 2504 2715 2863 2789 2636 2570 2699 2586 2652 2912 2547 2532 2437 2073 1964 1958 2041 2170 2087 2106 2486 2368 2409 2467 2152 2252 2359 2390 2379 2279 2532 2474 2413 2404 2578 2401 2391 2261 2342 -9999 -9999 -9999 -9999 -9999 -9999 -9999 -9999 -9999 -9999
-9999 -9999 -9999 -9999 -9999 -9999 -9999 -9999 -9999 -9999 -9999 -9999 -9999 -9999 -9999 -9999 -9999 -9999 -9999 2264 2230 2344 2239 2352 2309 2300 2442 2409 2388 2486 2561 2746 2806 2779 3108 2823 2618 2587 2649 2758 2681 2542 2443 2334 2087 2128 1942 1968 2109 2121 2011 2240 2454 2443 2390 2209 2259 2355 2504 2439 2486 2456 2593 2485 2281 2632 2660 2488 2431 -9999 -9999 -9999 -9999 -9999 -9999 -9999 -9999 -9999 -9999 -9999
-9999 -9999 -9999 -9999 -9999 -9999 -9999 -9999 -9999 -9999 -9999 -9999 -9999 -9999 -9999 -9999 -9999 -9999 -9999 2266 2264 2338 2362 2427 2442 2329 2333 2380 2362 2435 2657 2715 2690 2773 2984 2694 2663 2643 2738 3022 2873 2684 2594 2371 2167 1989 2037 1937 2140 2137 2070 2133 2354 2382 2379 2268 2263 2379 2439 2299 2506 2596 2638 2515 2371 2587 2707 2730 2636 -9999 -9999 -9999 -9999 -9999 -9999 -9999 -9999 -9999 -9999 -9999
-9999 -9999 -9999 -9999 -9999 -9999 -9999 -9999 -9999 -9999 -9999 -9999 -9999 -9999 -9999 -9999 -9999 -9999 -9999 -9999 2285 2329 2336 2487 2458 2354 2322 2296 2324 2458 2611 2642 2775 2729 2719 2755 2751 2767 2914 3116 2781 2549 2354 2348 2399 2191 2121 2122 2102 2135 2146 2023 2258 2328 2436 2341 2323 2404 2416 2292 2551 2525 2599 2429 2408 2482 2461 2673 -9999 -9999 -9999 -9999 -9999 -9999 -9999 -9999 -9999 -9999 -9999 -9999
-9999 -9999 -9999 -9999 -9999 -9999 -9999 -9999 -9999 -9999 -9999 -9999 -9999 -9999 -9999 -9999 -9999 -9999 -9999 2314 2277 2322 2387 2367 2353 2361 2355 2345 2422 2437 2518 2617 2482 2642 2722 2637 2586 2594 2811 2992 2558 2556 2397 2382 2261 2037 2042 1998 2172 2153 2107 2196 2291 2243 2319 2224 2236 2376 2381 2379 2349 2435 2519 2361 2484 2634 2699 -9999 -9999 -9999 -9999 -9999 -9999 -9999 -9999 -9999 -9999 -9999 -9999 -9999
-9999 -9999 -9999 -9999 -9999 -9999 -9999 -9999 -9999 -9999 -9999 -9999 -9999 -9999 -9999 -9999 -9999 -9999 -9999 2461 2471 2516 2474 2369 2358 2469 2368 2444 2453 2598 2460 2482 2576 2569 2455 2415 2370 2333 2549 2494 2486 2190 2219 2254 2259 2022 2016 2207 2070 2093 2119 2182 2241 2347 2322 2389 2424 2456 2325 2377 2539 2534 2495 2537 2475 2607 2633 -9999 -9999 -9999 -9999 -9999 -9999 -9999 -9999 -9999 -9999 -9999 -9999 -9999
-9999 -9999 -9999 -9999 -9999 -9999 -9999 -9999 -9999 -9999 -9999 -9999 -9999 -9999 -9999 -9999 -9999 -9999 -9999 2363 2395 2329 2346 2368 2421 2450 2359 2419 2419 2533 2557 2586 2598 2382 2417 2315 2264 2310 2370 2354 2216 2190 2329 2296 2228 2179 2039 2055 2170 2117 2169 2127 2187 2313 2387 2435 2410 2446 2459 2308 2581 2199 2275 2710 2657 2522 -9999 -9999 -9999 -9999 -9999 -9999 -9999 -9999 -9999 -9999 -9999 -9999 -9999 -9999
-9999 -9999 -9999 -9999 -9999 -9999 -9999 -9999 -9999 -9999 -9999 -9999 -9999 -9999 -9999 -9999 -9999 -9999 -9999 2358 2396 2349 2279 2346 2382 2420 2479 2366 2418 2484 2586 2592 2731 2654 2442 2417 2393 2314 2234 2234 2249 2204 2220 2174 2164 2164 2263 2047 2109 2171 2098 2129 2197 2298 2353 2400 2434 2387 2412 2542 2480 2270 2479 2561 2559 2413 -9999 -9999 -9999 -9999 -9999 -9999 -9999 -9999 -9999 -9999 -9999 -9999 -9999 -9999
-9999 -9999 -9999 -9999 -9999 -9999 -9999 -9999 -9999 -9999 -9999 -9999 -9999 -9999 -9999 -9999 -9999 -9999 -9999 -9999 2366 2380 2316 2375 2420 2424 2459 2421 2551 2572 2847 2946 2910 2626 2826 2497 2341 2296 2249 2168 2266 2349 2204 2234 2207 2034 2192 2214 2018 2220 2051 2157 2268 2261 2325 2301 2305 2281 2304 2494 2627 2332 2319 2381 2483 2319 -9999 -9999 -9999 -9999 -9999 -9999 -9999 -9999 -9999 -9999 -9999 -9999 -9999 -9999
-9999 -9999 -9999 -9999 -9999 -9999 -9999 -9999 -9999 -9999 -9999 -9999 -9999 -9999 -9999 -9999 -9999 -9999 -9999 2302 2203 2377 2383 2512 2520 2494 2387 2458 2733 2898 2805 2765 2716 2766 2689 2744 2340 2318 2261 2185 2228 2234 2212 2156 2077 2194 2142 2121 2182 2192 2169 2293 2345 2454 2427 2275 2399 2413 2424 2541 2502 2356 2384 2574 2536 -9999 -9999 -9999 -9999 -9999 -9999 -9999 -9999 -9999 -9999 -9999 -9999 -9999 -9999 -9999
