Prec.asc
ncols         216
nrows         693
xllcorner     -76.907600541936
yllcorner     1.9541978863965
cellsize      0.00833333333333
NODATA_value  -9999
[rows 595 to 629 of 693, columns 0 to 79 of 216]
-9999 -9999 2580 2622 2607 2420 2281 2139 2079 2051 2183 2162 2221 2251 2526 2607 2495 2516 2458 2389 2326 2382 2354 2340 2413 2337 2322 2322 2367 2317 2267 2259 2170 2158 2180 2213 2147 2055 2021 2041 2073 2012 1993 1997 1996 1946 2013 2020 1988 1974 1960 2001 1957 1889 1875 1874 1986 1842 1741 1674 1608 1484 1500 1480 1533 1486 1457 1533 1603 1701 1595 1486 1440 -9999 -9999 -9999 1538 1570 1552 1494
-9999 -9999 2547 2650 2473 2284 2158 2111 2217 2234 2189 2270 2255 2385 2534 2545 2507 2507 2455 2393 2336 2389 2346 2330 2353 2367 2363 2381 2343 2325 2270 2171 2175 2221 2148 2146 2133 2020 2027 2069 2037 2075 2033 2115 2066 1951 2000 1933 1997 1949 1949 2002 1962 1878 1893 1928 1942 1815 1804 1741 1630 1490 1457 1456 1539 1435 1475 1550 1630 1641 1521 1492 1465 -9999 -9999 -9999 1544 1530 1492 1588
-9999 -9999 2543 2669 2608 2272 2219 2190 2402 2355 2281 2352 2397 2529 2508 2539 2420 2452 2409 2372 2309 2368 2389 2384 2379 2382 2343 2321 2347 2285 2247 2168 2247 2221 2076 2171 2124 2024 2081 2130 2070 2050 2061 2005 1964 1947 1958 1931 1960 1934 1963 2018 1912 1853 1851 1954 1912 1815 1790 1739 1700 1559 1444 1453 1483 1472 1477 1500 1675 1600 1523 1484 -9999 -9999 -9999 -9999 1536 1604 1486 1630
-9999 -9999 2613 2667 2494 2291 2401 2444 2434 2419 2383 2527 2509 2556 2536 2442 2395 2366 2337 2355 2337 2321 2398 2381 2348 2357 2391 2320 2302 2329 2266 2153 2241 2176 2158 2168 2152 2084 2014 1976 2080 1924 1936 2040 2007 1993 1868 1909 1964 1974 1833 1895 1890 1852 1860 1932 1894 1669 1617 1611 1622 1545 1446 1402 1454 1463 1550 1609 1718 1590 1482 1478 -9999 -9999 -9999 -9999 1515 -9999 1512 1546
-9999 -9999 2512 2449 2359 2275 2440 2572 2639 2686 2658 2545 2616 2553 2459 2397 2358 2346 2337 2364 2353 2368 2363 2351 2376 2331 2349 2291 2320 2343 2312 2254 2208 2385 2165 2108 2081 2105 2036 2102 2132 2057 2021 1993 1984 1967 1946 1921 1919 1930 1945 1926 1977 1899 1906 1930 1899 1753 1634 1559 1567 1505 1367 1446 1474 1478 1568 1580 1654 1602 1484 1421 -9999 -9999 -9999 -9999 -9999 -9999 1507 1508
-9999 -9999 2502 2292 2168 2189 2345 2349 2386 2620 2729 2653 2593 2517 2339 2359 2359 2336 2355 2353 2370 2379 2414 2410 2381 2366 2348 2351 2321 2326 2328 2293 2298 2199 2154 2113 2103 2039 1982 2051 2129 1993 1979 1964 2014 2052 1979 2011 2007 1985 1958 1915 1911 1870 1893 1910 1899 1874 1762 1584 1526 1440 1597 1598 1564 1443 1541 1568 1590 1560 1480 1420 -9999 -9999 -9999 -9999 -9999 -9999 1495 -9999
-9999 -9999 2490 2254 2152 2225 2181 2336 2367 2578 2569 2580 2415 2384 2320 2380 2358 2320 2364 2351 2365 2409 2347 2326 2318 2373 2408 2358 2328 2323 2282 2278 2298 2222 2191 2116 2144 2098 2047 2016 2064 1995 1956 1942 1931 1926 1993 1977 1961 1990 1951 1940 1938 1946 1907 1813 1808 1778 1777 1761 1729 1678 1693 1644 1569 1472 1438 1459 1504 1441 1464 -9999 -9999 -9999 -9999 -9999 -9999 -9999 -9999 -9999
-9999 -9999 2422 2421 2348 2492 2229 2349 2497 2546 2655 2671 2447 2382 2401 2400 2397 2381 2345 2362 2354 2365 2341 2289 2361 2345 2394 2400 2365 2357 2318 2302 2288 2241 2140 2092 2080 2098 2021 2053 2010 2024 2005 1862 1916 1862 1984 1964 1987 1978 1934 1930 1929 1941 1919 1847 1698 1670 1634 1637 1669 1661 1599 1631 1579 1545 1427 1432 1437 1416 1438 -9999 -9999 -9999 -9999 -9999 -9999 -9999 -9999 -9999
-9999 -9999 2528 2522 2285 2437 2280 2336 2595 2627 2676 2563 2461 2447 2471 2452 2381 2357 2319 2355 2379 2358 2343 2341 2357 2353 2317 2339 2318 2288 2309 2270 2304 2274 2248 2095 2060 2160 2066 2084 2056 2009 1983 1886 1984 1862 1981 2005 1939 1960 1967 1910 1950 1845 1830 1798 1624 1596 1574 1487 1488 1548 1573 1597 1584 1538 1435 1381 1430 1401 1383 -9999 -9999 -9999 -9999 -9999 -9999 -9999 -9999 -9999
-9999 -9999 2430 2219 2190 2254 2237 2383 2569 2750 2911 2475 2507 2485 2451 2542 2390 2358 2338 2334 2347 2452 2385 2355 2328 2317 2305 2268 2272 2271 2293 2246 2312 2282 2298 2251 2189 2073 2157 2065 2097 1994 2041 2013 1959 1986 2011 1989 1952 1943 1962 1914 1889 1852 1835 1796 1760 1642 1545 1446 1433 1504 1496 1577 1505 1543 1474 1447 1394 1392 1359 1470 -9999 -9999 -9999 -9999 -9999 -9999 -9999 1653
-9999 -9999 2308 2104 2244 2374 2407 2498 2629 2945 2699 2659 2541 2513 2467 2410 2361 2399 2306 2341 2371 2404 2442 2438 2421 2425 2356 2335 2249 2312 2284 2310 2190 2301 2225 2230 2161 2073 2201 2021 2001 2015 2035 1913 1946 1981 1972 1999 1977 1937 1857 1937 1865 1844 1852 1870 1769 1730 1657 1516 1531 1508 1408 1468 1464 1526 1489 1485 1433 1386 1442 1431 -9999 -9999 -9999 -9999 -9999 -9999 1616 1624
-9999 -9999 2316 2200 2202 2390 2421 2519 2688 2803 2871 2794 2644 2544 2512 2462 2348 2379 2287 2334 2407 2393 2421 2419 2395 2371 2320 2338 2290 2330 2311 2286 2237 2214 2257 2190 2195 2095 2174 2002 2029 2067 1913 2050 1935 2029 1913 2030 1988 1910 1839 1839 1882 1896 1872 1759 1747 1728 1692 1620 1611 1585 1438 1390 1370 1361 1411 1416 1386 1432 1485 1494 -9999 -9999 -9999 -9999 -9999 -9999 -9999 -9999
-9999 2258 2284 2456 2299 2458 2475 2522 2613 2775 2802 2783 2682 2632 2626 2476 2387 2359 2365 2355 2400 2423 2378 2374 2378 2368 2326 2281 2279 2288 2316 2350 2325 2190 2254 2210 2165 2134 2107 2081 2082 2097 2051 2000 1987 1984 2029 2022 1992 1876 1816 1895 1818 1778 1803 1760 1689 1711 1701 1655 1679 1636 1482 1403 1383 1393 1392 1367 1330 1409 1504 1531 1528 -9999 -9999 -9999 -9999 -9999 -9999 -9999
2339 2251 2401 2620 2575 2616 2594 2626 2720 2856 2807 2707 2637 2656 2607 2465 2400 2344 2334 2385 2398 2356 2412 2442 2368 2363 2316 2270 2305 2253 2273 2256 2251 2197 2196 2205 2143 2108 2062 2042 2054 2015 1979 2012 2029 1967 1963 1999 1949 1936 1818 1827 1783 1797 1797 1742 1612 1587 1582 1645 1672 1688 1576 1460 1376 1425 1425 1403 1363 1344 1442 1468 1456 -9999 -9999 -9999 -9999 -9999 -9999 -9999
2191 2286 2467 2563 2455 2504 2676 2819 2759 2742 2693 2612 2646 2725 2558 2400 2410 2353 2348 2348 2403 2348 2367 2435 2348 2329 2304 2289 2263 2260 2227 2273 2252 2288 2221 2234 2236 2210 2081 2051 2008 2046 2040 2035 2032 2042 2101 1977 2003 1914 1823 1839 1852 1848 1788 1671 1582 1559 1605 1655 1601 1693 1604 1475 1402 1422 1375 1328 1356 1412 1429 1454 1452 -9999 -9999 -9999 -9999 -9999 -9999 1542
2336 2345 2451 2478 2512 2572 2901 2802 2698 2654 2575 2487 2638 2682 2447 2410 2394 2377 2363 2475 2415 2386 2401 2426 2359 2313 2281 2294 2288 2216 2188 2270 2337 2318 2161 2215 2216 2204 2187 2091 1980 2074 1989 2005 2001 2039 2058 2002 1926 1911 1845 1797 1825 1907 1923 1811 1665 1636 1712 1642 1600 1666 1527 1484 1464 1520 1441 1463 1442 1501 1420 1423 1442 -9999 -9999 -9999 -9999 -9999 -9999 1574
-9999 2516 2548 2482 2536 2718 2899 2706 2628 2684 2598 2544 2626 2678 2516 2412 2345 2327 2306 2385 2351 2467 2471 2405 2410 2403 2379 2270 2284 2272 2228 2236 2300 2231 2158 2204 2202 2142 2129 2036 1973 1992 1985 1955 2013 1989 2036 1959 2007 1933 1843 1787 1810 1879 1858 1779 1722 1797 1725 1743 1660 1549 1595 1531 1545 1559 1519 1509 1556 1587 1474 1433 1366 1455 1470 -9999 -9999 -9999 -9999 1576
-9999 2594 2756 2755 2721 2785 2809 2700 2507 2577 2452 2472 2613 2657 2436 2334 2335 2321 2309 2329 2368 2340 2517 2534 2543 2423 2359 2308 2243 2261 2259 2223 2332 2247 2213 2180 2165 2114 2155 2023 2053 2089 2070 2018 2038 2049 1949 1983 2036 2012 1957 1927 1876 1845 1842 1820 1779 1721 1678 1631 1585 1638 1629 1595 1625 1528 1549 1509 1492 1594 1574 1426 1415 1396 1435 -9999 -9999 -9999 -9999 -9999
-9999 2573 2691 2992 2957 2979 2873 2760 2489 2460 2414 2456 2560 2615 2389 2336 2327 2314 2329 2344 2382 2331 2349 2341 2367 2364 2324 2312 2270 2226 2229 2336 2329 2267 2222 2179 2103 2065 2133 2060 1968 2009 2010 2009 1979 2056 1964 1987 1978 1991 1993 1979 1918 1858 1850 1837 1773 1692 1690 1667 1540 1556 1555 1595 1645 1573 1534 1588 1541 1492 1440 1496 1475 1377 1400 -9999 -9999 -9999 -9999 -9999
-9999 2638 2700 3070 2872 2719 2768 2731 2619 2469 2440 2424 2518 2473 2384 2309 2324 2359 2401 2389 2364 2337 2310 2310 2285 2278 2303 2254 2237 2237 2237 2384 2270 2184 2181 2169 2131 2106 2113 2115 2064 2061 2008 2000 1967 1928 1963 1952 1935 1936 1941 1878 1914 1917 1806 1788 1777 1695 1649 1651 1557 1545 1623 1686 1692 1553 1467 1461 1504 1444 1410 1526 1534 1452 1406 1527 -9999 -9999 -9999 -9999
-9999 2601 2647 2752 2901 3027 2581 2682 2739 2494 2488 2420 2381 2403 2362 2334 2326 2395 2351 2398 2361 2401 2325 2337 2279 2235 2232 2266 2226 2321 2329 2292 2259 2169 2150 2119 2093 2050 2221 2168 2094 2110 2074 2044 1998 1910 1939 1945 1955 1873 1999 1993 2030 1966 1941 1869 1732 1725 1745 1672 1656 1720 1721 1664 1635 1511 1473 1428 1422 1450 1433 1561 1561 1543 1582 1428 -9999 -9999 -9999 -9999
-9999 2538 2570 2607 2835 2953 2602 2508 2460 2402 2369 2337 2349 2342 2335 2288 2288 2311 2311 2353 2327 2375 2370 2324 2319 2269 2241 2264 2279 2257 2325 2252 2265 2245 2135 2215 2083 2111 2145 2217 2120 2068 2026 2037 2072 1943 1993 2009 1991 2012 2021 2009 1944 1899 1992 1917 1879 1891 1840 1808 1735 1764 1761 1582 1576 1476 1432 1441 1472 1484 1490 1622 1569 1641 -9999 -9999 -9999 -9999 -9999 -9999
-9999 -9999 2616 2753 3062 3212 2697 2545 2376 2447 2350 2461 2514 2334 2283 2214 2274 2272 2272 2353 2485 2360 2350 2351 2350 2383 2398 2382 2369 2341 2352 2365 2253 2176 2185 2194 2179 2191 2175 2164 2065 2051 2069 2042 2020 1997 1998 2016 1982 1951 1993 1931 1940 1972 1894 1886 1808 1962 1927 1846 1782 1786 1763 1710 1539 1464 1420 1426 1404 1469 1582 1601 -9999 -9999 -9999 -9999 -9999 -9999 -9999 -9999
-9999 -9999 2638 2664 3036 2948 2750 2532 2490 2555 2588 2572 2552 2338 2259 2253 2258 2274 2254 2280 2336 2326 2302 2290 2282 2420 2334 2301 2288 2328 2322 2268 2215 2195 2142 2091 2141 2146 2221 2254 2097 2042 2002 2024 2036 2024 2077 1941 2020 2051 1934 1871 1912 1916 1937 1849 1843 1856 1908 1830 1819 1762 1672 1614 1568 1423 1426 1487 1440 1429 1548 1577 -9999 -9999 -9999 -9999 -9999 -9999 -9999 -9999
-9999 -9999 -9999 2558 2649 2727 2864 2743 2612 2618 2485 2458 2346 2318 2290 2265 2269 2269 2281 2290 2282 2308 2262 2307 2356 2369 2338 2342 2314 2307 2288 2256 2188 2151 2144 2101 2115 2125 2108 2069 2074 2019 1942 1980 2028 2003 1988 2079 2054 1995 2026 2031 1976 1952 1951 1904 1973 1882 1867 1836 1812 1737 1637 1587 1618 1657 1567 1447 1469 1441 1540 1643 1566 1622 -9999 -9999 -9999 -9999 -9999 -9999
-9999 -9999 -9999 2765 2718 2828 2826 2900 2749 2515 2377 2377 2328 2300 2351 2304 2261 2264 2224 2311 2289 2285 2294 2300 2312 2268 2249 2204 2239 2230 2234 2225 2261 2175 2118 2096 2120 2123 2113 1996 2106 1956 2032 2034 1982 1969 1963 2034 1998 2029 1973 2003 1901 1915 1978 1966 1979 1926 1828 1740 1654 1660 1580 1570 1618 1636 1459 1402 1460 1477 1545 1576 1605 1660 -9999 -9999 -9999 -9999 -9999 -9999
-9999 -9999 -9999 -9999 2932 2854 2792 2753 2632 2543 2416 2368 2392 2404 2441 2389 2277 2256 2246 2306 2292 2286 2347 2333 2287 2267 2236 2233 2198 2260 2218 2171 2219 2179 2149 2128 2119 2142 2105 2062 2064 1999 2004 2052 2037 1892 2016 2049 2089 2044 2028 2034 2000 2003 1951 1930 1886 1929 1885 1790 1694 1618 1557 1560 1468 1426 1410 1398 1493 1469 1514 1564 1531 -9999 -9999 -9999 -9999 -9999 -9999 -9999
-9999 -9999 -9999 -9999 -9999 2757 2678 2686 2603 2510 2379 2356 2376 2340 2423 2398 2242 2238 2274 2255 2274 2306 2410 2334 2316 2310 2229 2253 2319 2376 2253 2261 2246 2201 2133 2086 2095 2091 2082 2058 2062 2074 1975 2039 1966 1991 2024 2059 2051 1935 1978 2030 1968 1920 1932 1951 1921 1882 1867 1769 1749 1707 1528 1413 1412 1444 1475 1416 1392 1491 1578 1489 1467 -9999 -9999 -9999 1734 -9999 -9999 -9999
-9999 -9999 -9999 -9999 -9999 -9999 2684 2615 2457 2401 2392 2375 2411 2371 2442 2329 2300 2285 2258 2273 2236 2306 2275 2281 2314 2284 2234 2315 2307 2234 2190 2158 2126 2098 2110 2045 2012 1984 1978 1985 2048 2083 1954 1966 2025 2042 2054 2050 2053 2048 1952 1987 1987 1954 1955 1933 1870 1832 1797 1647 1711 1678 1616 1609 1466 1454 1470 1433 1434 1527 1516 1516 1506 1515 1586 1636 1676 -9999 -9999 -9999
-9999 -9999 -9999 -9999 -9999 -9999 -9999 -9999 2472 2390 2412 2441 2458 2503 2427 2412 2283 2320 2291 2267 2261 2305 2293 2268 2279 2255 2309 2302 2225 2184 2198 2148 2091 2062 2056 2027 2014 2044 2030 2005 2047 1941 1950 2029 1964 2019 2118 2157 2059 1990 1954 2010 1988 2003 1964 1964 1915 1799 1781 1669 1631 1691 1608 1512 1434 1406 1336 1450 1514 1460 1486 1460 1492 1466 1574 1565 1663 -9999 -9999 -9999
-9999 -9999 -9999 -9999 -9999 -9999 -9999 -9999 -9999 -9999 2386 2360 2399 2405 2417 2349 2348 2330 2324 2299 2302 2262 2366 2329 2247 2288 2266 2300 2213 2196 2100 2077 2118 2050 2037 2045 2081 2116 2061 2006 1975 1971 1963 2057 2006 2019 2061 2065 1982 1991 2027 2067 2036 1979 1906 1915 1810 1780 1842 1754 1702 1673 1641 1569 1520 1417 1350 1566 1554 1475 1493 1513 1535 1542 1566 1550 -9999 -9999 -9999 -9999
-9999 -9999 -9999 -9999 -9999 -9999 -9999 -9999 -9999 -9999 -9999 -9999 -9999 2409 2387 2419 2369 2277 2270 2303 2280 2275 2272 2373 2225 2244 2255 2224 2200 2158 2062 2083 2074 2058 2058 2066 2019 2077 2026 2030 2049 2050 2043 2059 2003 1962 2040 2078 2054 2050 2007 1932 1963 1960 1963 1917 1844 1807 1794 1838 1783 1749 1720 1739 1767 1405 1423 1588 1633 1543 1511 1496 1529 1469 1489 -9999 -9999 -9999 -9999 -9999
-9999 -9999 -9999 -9999 -9999 -9999 -9999 -9999 -9999 -9999 -9999 -9999 -9999 -9999 -9999 -9999 2395 2302 2275 2280 2339 2225 2291 2199 2309 2231 2155 2220 2117 2148 2126 2100 2073 2097 2044 2092 2057 2130 2030 2090 2145 2036 2021 2027 1975 1967 2034 2053 2097 2095 2044 1990 1927 1913 1881 1871 1833 1849 1743 1710 1830 1722 1679 1641 1615 1439 1488 1595 1617 1508 1495 1500 1536 1435 1367 -9999 -9999 -9999 -9999 -9999
-9999 -9999 -9999 -9999 -9999 -9999 -9999 -9999 -9999 -9999 -9999 -9999 -9999 -9999 -9999 -9999 -9999 -9999 -9999 2298 2313 2358 2317 2238 2319 2273 2210 2159 2153 2168 2117 2132 2099 2113 2028 2013 2026 2111 2062 2130 2014 1990 2004 2082 2041 2044 2077 2065 2035 2129 2086 1984 1947 1904 1887 1881 1860 1814 1752 1693 1842 1653 1659 1605 1590 1455 1434 1500 1483 1447 1397 1437 1420 1385 1365 -9999 -9999 -9999 -9999 -9999
-9999 -9999 -9999 -9999 -9999 -9999 -9999 -9999 -9999 -9999 -9999 -9999 -9999 -9999 -9999 -9999 -9999 -9999 -9999 -9999 -9999 -9999 2355 2274 2253 2220 2163 2220 2197 2172 2127 2107 2079 2090 1997 2010 2052 2067 2043 2048 2064 2100 2024 2031 2093 2125 2057 2074 2031 2183 2143 2071 1999 1940 1951 1859 1804 1816 1774 1832 1846 1686 1633 1643 1535 1468 1445 1462 1413 1397 1373 1416 1399 1369 1295 -9999 -9999 -9999 -9999 -9999
